0.000000
0.000852
0.001704
0.002555
0.003407
0.004259
0.005111
0.005963
0.006814
0.007666
0.008518
0.009370
0.010222
0.011074
0.011926
0.012777
0.013629
0.014481
0.015333
0.016185
0.017037
0.017889
0.018741
0.019593
0.020445
0.021297
0.022149
0.023001
0.023853
0.024706
0.025558
0.026410
0.027262
0.028114
0.028967
0.029819
0.030671
0.031524
0.032376
0.033228
0.034081
0.034933
0.035786
0.036639
0.037491
0.038344
0.039196
0.040049
0.040902
0.041755
0.042608
0.043460
0.044313
0.045166
0.046019
0.046872
0.047726
0.048579
0.049432
0.050285
0.051138
0.051992
0.052845
0.053699
0.054552
0.055406
0.056259
0.057113
0.057967
0.058821
0.059674
0.060528
0.061382
0.062236
0.063091
0.063945
0.064799
0.065653
0.066508
0.067362
0.068216
0.069071
0.069926
0.070780
0.071635
0.072490
0.073345
0.074200
0.075055
0.075910
0.076765
0.077621
0.078476
0.079331
0.080187
0.081043
0.081898
0.082754
0.083610
0.084466
0.085322
0.086178
0.087034
0.087890
0.088747
0.089603
0.090460
0.091316
0.092173
0.093030
0.093887
0.094744
0.095601
0.096458
0.097316
0.098173
0.099030
0.099888
0.100746
0.101604
0.102461
0.103319
0.104178
0.105036
0.105894
0.106752
0.107611
0.108470
0.109328
0.110187
0.111046
0.111905
0.112764
0.113624
0.114483
0.115343
0.116202
0.117062
0.117922
0.118782
0.119642
0.120502
0.121363
0.122223
0.123084
0.123944
0.124805
0.125666
0.126527
0.127389
0.128250
0.129111
0.129973
0.130835
0.131697
0.132559
0.133421
0.134283
0.135145
0.136008
0.136871
0.137733
0.138596
0.139459
0.140323
0.141186
0.142050
0.142913
0.143777
0.144641
0.145505
0.146369
0.147234
0.148098
0.148963
0.149828
0.150693
0.151558
0.152423
0.153288
0.154154
0.155020
0.155886
0.156752
0.157618
0.158484
0.159351
0.160218
0.161084
0.161951
0.162819
0.163686
0.164553
0.165421
0.166289
0.167157
0.168025
0.168893
0.169762
0.170630
0.171499
0.172368
0.173237
0.174107
0.174976
0.175846
0.176716
0.177586
0.178456
0.179327
0.180197
0.181068
0.181939
0.182810
0.183681
0.184553
0.185425
0.186297
0.187169
0.188041
0.188913
0.189786
0.190659
0.191532
0.192405
0.193278
0.194152
0.195026
0.195900
0.196774
0.197648
0.198523
0.199398
0.200272
0.201148
0.202023
0.202899
0.203774
0.204650
0.205527
0.206403
0.207280
0.208156
0.209033
0.209911
0.210788
0.211666
0.212543
0.213422
0.214300
0.215178
0.216057
0.216936
0.217815
0.218694
0.219574
0.220454
0.221334
0.222214
0.223095
0.223975
0.224856
0.225737
0.226619
0.227500
0.228382
0.229264
0.230146
0.231029
0.231912
0.232795
0.233678
0.234561
0.235445
0.236329
0.237213
0.238098
0.238982
0.239867
0.240752
0.241637
0.242523
0.243409
0.244295
0.245181
0.246068
0.246955
0.247842
0.248729
0.249617
0.250504
0.251392
0.252281
0.253169
0.254058
0.254947
0.255837
0.256726
0.257616
0.258506
0.259396
0.260287
0.261178
0.262069
0.262960
0.263852
0.264744
0.265636
0.266529
0.267421
0.268314
0.269208
0.270101
0.270995
0.271889
0.272784
0.273678
0.274573
0.275468
0.276364
0.277259
0.278155
0.279052
0.279948
0.280845
0.281742
0.282640
0.283537
0.284435
0.285334
0.286232
0.287131
0.288030
0.288929
0.289829
0.290729
0.291629
0.292530
0.293431
0.294332
0.295233
0.296135
0.297037
0.297940
0.298842
0.299745
0.300648
0.301552
0.302456
0.303360
0.304264
0.305169
0.306074
0.306980
0.307885
0.308791
0.309698
0.310604
0.311511
0.312418
0.313326
0.314234
0.315142
0.316050
0.316959
0.317868
0.318778
0.319687
0.320597
0.321508
0.322419
0.323330
0.324241
0.325153
0.326065
0.326977
0.327890
0.328803
0.329716
0.330630
0.331544
0.332458
0.333373
0.334288
0.335203
0.336119
0.337035
0.337951
0.338868
0.339785
0.340702
0.341620
0.342538
0.343456
0.344375
0.345294
0.346213
0.347133
0.348053
0.348974
0.349895
0.350816
0.351737
0.352659
0.353581
0.354504
0.355427
0.356350
0.357274
0.358198
0.359122
0.360047
0.360972
0.361897
0.362823
0.363749
0.364676
0.365603
0.366530
0.367458
0.368386
0.369314
0.370243
0.371172
0.372101
0.373031
0.373961
0.374892
0.375823
0.376754
0.377686
0.378618
0.379551
0.380483
0.381417
0.382350
0.383284
0.384219
0.385153
0.386089
0.387024
0.387960
0.388896
0.389833
0.390770
0.391708
0.392646
0.393584
0.394523
0.395462
0.396401
0.397341
0.398281
0.399222
0.400163
0.401105
0.402046
0.402989
0.403931
0.404874
0.405818
0.406762
0.407706
0.408651
0.409596
0.410541
0.411487
0.412434
0.413380
0.414328
0.415275
0.416223
0.417172
0.418121
0.419070
0.420019
0.420970
0.421920
0.422871
0.423822
0.424774
0.425726
0.426679
0.427632
0.428586
0.429540
0.430494
0.431449
0.432404
0.433360
0.434316
0.435272
0.436229
0.437187
0.438145
0.439103
0.440062
0.441021
0.441980
0.442940
0.443901
0.444862
0.445823
0.446785
0.447747
0.448710
0.449673
0.450637
0.451601
0.452565
0.453530
0.454496
0.455462
0.456428
0.457395
0.458362
0.459330
0.460298
0.461267
0.462236
0.463205
0.464175
0.465146
0.466117
0.467088
0.468060
0.469032
0.470005
0.470979
0.471952
0.472927
0.473901
0.474877
0.475852
0.476828
0.477805
0.478782
0.479760
0.480738
0.481716
0.482695
0.483675
0.484655
0.485635
0.486616
0.487598
0.488580
0.489562
0.490545
0.491528
0.492512
0.493497
0.494482
0.495467
0.496453
0.497439
0.498426
0.499414
0.500402
0.501390
0.502379
0.503368
0.504358
0.505348
0.506339
0.507331
0.508323
0.509315
0.510308
0.511302
0.512296
0.513290
0.514285
0.515281
0.516277
0.517273
0.518270
0.519268
0.520266
0.521264
0.522264
0.523263
0.524263
0.525264
0.526265
0.527267
0.528269
0.529272
0.530276
0.531280
0.532284
0.533289
0.534294
0.535300
0.536307
0.537314
0.538322
0.539330
0.540339
0.541348
0.542358
0.543368
0.544379
0.545390
0.546402
0.547415
0.548428
0.549441
0.550456
0.551470
0.552486
0.553502
0.554518
0.555535
0.556552
0.557570
0.558589
0.559608
0.560628
0.561648
0.562669
0.563690
0.564712
0.565735
0.566758
0.567782
0.568806
0.569831
0.570856
0.571882
0.572909
0.573936
0.574964
0.575992
0.577021
0.578050
0.579080
0.580111
0.581142
0.582174
0.583206
0.584239
0.585272
0.586306
0.587341
0.588376
0.589412
0.590449
0.591486
0.592523
0.593561
0.594600
0.595640
0.596680
0.597720
0.598761
0.599803
0.600846
0.601889
0.602932
0.603976
0.605021
0.606067
0.607113
0.608159
0.609207
0.610254
0.611303
0.612352
0.613402
0.614452
0.615503
0.616554
0.617607
0.618659
0.619713
0.620767
0.621821
0.622877
0.623933
0.624989
0.626046
0.627104
0.628162
0.629221
0.630281
0.631341
0.632402
0.633464
0.634526
0.635589
0.636652
0.637716
0.638781
0.639846
0.640912
0.641979
0.643046
0.644114
0.645183
0.646252
0.647322
0.648392
0.649464
0.650535
0.651608
0.652681
0.653755
0.654829
0.655904
0.656980
0.658057
0.659134
0.660211
0.661290
0.662369
0.663449
0.664529
0.665610
0.666692
0.667774
0.668857
0.669941
0.671025
0.672110
0.673196
0.674282
0.675369
0.676457
0.677546
0.678635
0.679725
0.680815
0.681906
0.682998
0.684091
0.685184
0.686278
0.687372
0.688468
0.689564
0.690660
0.691758
0.692856
0.693954
0.695054
0.696154
0.697255
0.698356
0.699459
0.700561
0.701665
0.702769
0.703874
0.704980
0.706087
0.707194
0.708302
0.709410
0.710519
0.711629
0.712740
0.713852
0.714964
0.716077
0.717190
0.718304
0.719419
0.720535
0.721652
0.722769
0.723887
0.725005
0.726125
0.727245
0.728366
0.729487
0.730609
0.731732
0.732856
0.733981
0.735106
0.736232
0.737358
0.738486
0.739614
0.740743
0.741872
0.743003
0.744134
0.745266
0.746398
0.747532
0.748666
0.749801
0.750936
0.752073
0.753210
0.754348
0.755486
0.756626
0.757766
0.758907
0.760048
0.761191
0.762334
0.763478
0.764623
0.765768
0.766914
0.768061
0.769209
0.770358
0.771507
0.772657
0.773808
0.774960
0.776112
0.777265
0.778419
0.779574
0.780730
0.781886
0.783043
0.784201
0.785360
0.786519
0.787679
0.788840
0.790002
0.791165
0.792328
0.793492
0.794657
0.795823
0.796990
0.798157
0.799325
0.800494
0.801664
0.802835
0.804006
0.805178
0.806351
0.807525
0.808700
0.809875
0.811052
0.812229
0.813407
0.814585
0.815765
0.816945
0.818126
0.819308
0.820491
0.821675
0.822859
0.824044
0.825230
0.826417
0.827605
0.828794
0.829983
0.831173
0.832364
0.833556
0.834749
0.835942
0.837137
0.838332
0.839528
0.840725
0.841923
0.843122
0.844321
0.845521
0.846722
0.847924
0.849127
0.850331
0.851536
0.852741
0.853947
0.855154
0.856362
0.857571
0.858781
0.859991
0.861203
0.862415
0.863628
0.864842
0.866057
0.867273
0.868489
0.869707
0.870925
0.872144
0.873364
0.874585
0.875807
0.877030
0.878254
0.879478
0.880703
0.881930
0.883157
0.884385
0.885614
0.886843
0.888074
0.889306
0.890538
0.891772
0.893006
0.894241
0.895477
0.896714
0.897952
0.899190
0.900430
0.901671
0.902912
0.904154
0.905398
0.906642
0.907887
0.909133
0.910380
0.911627
0.912876
0.914126
0.915376
0.916628
0.917880
0.919133
0.920388
0.921643
0.922899
0.924156
0.925414
0.926672
0.927932
0.929193
0.930455
0.931717
0.932981
0.934245
0.935510
0.936777
0.938044
0.939312
0.940581
0.941851
0.943122
0.944394
0.945667
0.946941
0.948216
0.949491
0.950768
0.952046
0.953324
0.954604
0.955884
0.957166
0.958448
0.959732
0.961016
0.962301
0.963588
0.964875
0.966163
0.967452
0.968742
0.970033
0.971326
0.972619
0.973913
0.975208
0.976504
0.977801
0.979099
0.980397
0.981697
0.982998
0.984300
0.985603
0.986907
0.988212
0.989518
0.990824
0.992132
0.993441
0.994751
0.996062
0.997373
0.998686
1.000000
